        ,
        {
            "name": "Rhyd Ddu Path, Snowdon, Wales",
            "coordinate": [
                53.061386,
                -4.085166
            ],
            "width": 500,
            "resolution": [
                111296.80218167475,
                67041.42209658623
            ],
            "interval": 12,
            "elevation": [
                [
                    707.4529418945312,
                    727.69873046875,
                    743.5819702148438,
                    757.7805786132812,
                    773.7095947265625,
                    786.1021728515625,
                    762.4381103515625,
                    730.31396484375,
                    708.507080078125,
                    699.4185791015625,
                    695.9248657226562,
                    695.2817993164062,
                    688.2627563476562
                ],
                [
                    725.4793090820312,
                    744.6409912109375,
                    759.6242065429688,
                    772.2633666992188,
                    786.1700439453125,
                    797.2467041015625,
                    770.7946166992188,
                    747.69384765625,
                    734.03076171875,
                    724.2595825195312,
                    718.7439575195312,
                    715.8163452148438,
                    689.1619873046875
                ],
                [
                    743.4229736328125,
                    760.2357177734375,
                    774.7224731445312,
                    788.0751953125,
                    800.2967529296875,
                    810.5914306640625,
                    792.2073974609375,
                    776.45458984375,
                    763.64599609375,
                    752.2911987304688,
                    743.9594116210938,
                    730.02392578125,
                    692.862548828125
                ],
                [
                    758.8042602539062,
                    774.0943603515625,
                    789.1026611328125,
                    801.1940307617188,
                    814.3236694335938,
                    826.3005981445312,
                    822.54443359375,
                    806.482666015625,
                    790.095947265625,
                    777.2635498046875,
                    764.349365234375,
                    743.3974609375,
                    711.284912109375
                ],
                [
                    772.5088500976562,
                    787.2044677734375,
                    801.4268798828125,
                    814.7877197265625,
                    827.6695556640625,
                    839.9794311523438,
                    848.72802734375,
                    832.4601440429688,
                    813.7552490234375,
                    797.2340087890625,
                    781.7357788085938,
                    759.6909790039062,
                    728.5376586914062
                ],
                [
                    785.0802001953125,
                    799.7535400390625,
                    814.05419921875,
                    827.0322875976562,
                    839.0438842773438,
                    851.7058715820312,
                    862.7943725585938,
                    853.72265625,
                    832.4901123046875,
                    814.5806884765625,
                    795.9137573242188,
                    772.0813598632812,
                    739.9268798828125
                ],
                [
                    798.1105346679688,
                    811.5581665039062,
                    823.8164672851562,
                    837.4329833984375,
                    848.9886474609375,
                    861.600341796875,
                    873.8185424804688,
                    870.972412109375,
                    851.8009643554688,
                    832.6446533203125,
                    810.8119506835938,
                    778.977783203125,
                    753.4686889648438
                ],
                [
                    807.7880249023438,
                    820.7819213867188,
                    832.9921875,
                    845.3719482421875,
                    859.2000732421875,
                    871.6796264648438,
                    884.2863159179688,
                    888.94775390625,
                    871.2227172851562,
                    853.33154296875,
                    821.9573364257812,
                    794.3182983398438,
                    772.36962890625
                ],
                [
                    815.9884033203125,
                    829.3838500976562,
                    841.1909790039062,
                    853.0239868164062,
                    864.6627807617188,
                    880.1967163085938,
                    896.0410766601562,
                    903.1206665039062,
                    892.4669799804688,
                    876.5308227539062,
                    849.3068237304688,
                    817.8834838867188,
                    802.4444580078125
                ],
                [
                    820.5480346679688,
                    830.2241821289062,
                    831.1660766601562,
                    842.8228149414062,
                    856.0635986328125,
                    880.4247436523438,
                    904.0145263671875,
                    917.7905883789062,
                    913.9949951171875,
                    900.6506958007812,
                    875.8555297851562,
                    850.4071655273438,
                    831.2569580078125
                ],
                [
                    802.2821044921875,
                    800.8526000976562,
                    787.5355224609375,
                    795.9271850585938,
                    817.8944091796875,
                    851.6364135742188,
                    882.5189819335938,
                    898.2405395507812,
                    916.2911987304688,
                    919.2257080078125,
                    901.283935546875,
                    881.4366455078125,
                    864.3666381835938
                ],
                [
                    768.3240356445312,
                    760.6424560546875,
                    753.8626098632812,
                    745.7420654296875,
                    779.822265625,
                    823.8540649414062,
                    845.9080200195312,
                    861.2935791015625,
                    883.6719360351562,
                    898.492431640625,
                    912.7029418945312,
                    908.93798828125,
                    898.4039306640625
                ],
                [
                    725.3097534179688,
                    716.8341064453125,
                    699.716552734375,
                    710.56005859375,
                    749.0880126953125,
                    776.8636474609375,
                    791.3458251953125,
                    814.3976440429688,
                    838.0634155273438,
                    866.1348876953125,
                    890.3352661132812,
                    909.3775024414062,
                    915.0368041992188
                ]
            ]
        }